Process 1 Data:
{ 6, 41, 5, 42, 7, 40, 8, 38, 6, 44, 5, 41, 9, 31, 7, 43, 8 }

Process 2 Data:
{ 9, 24, 7, 21, 8, 36, 12, 26, 9, 31, 11, 28, 8, 21, 12, 13, 7, 11, 6 }

Process 3 Data:
{ 7, 21, 8, 25, 12, 29, 6, 26, 8, 33, 9, 22, 6, 24, 4, 29, 16 }

Process 4 Data:
{ 5, 35, 7, 41, 14, 45, 4, 51, 9, 61, 10, 54, 11, 82, 5, 77, 3 }

Process 5 Data:
{ 6, 33, 7, 44, 5, 42, 9, 37, 8, 46, 5, 41, 7, 31, 4, 43, 3 }

Process 6 Data:
{ 8, 24, 12, 21, 11, 36, 12, 26, 9, 31, 19, 28, 10, 21, 6, 13, 3, 11, 4 }

Process 7 Data:
{ 7, 46, 3, 41, 12, 42, 8, 21, 4, 32, 6, 19, 12, 33, 10 }

Process 8 Data:
{ 6, 14, 7, 33, 8, 51, 9, 63, 10, 87, 11 , 74, 8 }

Process 9 Data:
{ 4, 32, 5, 40, 6, 29, 4, 21, 5, 44, 6, 24, 4, 31, 5, 33, 6 }
